1	2
1	3
2	3
1	4
2	4
3	4
1	5
2	5
3	5
4	5
3	6
3	7
6	7
3	8
5	8
6	8
7	8
3	9
5	9
6	9
8	9
3	10
6	10
7	10
8	10
3	11
5	11
6	11
8	11
9	11
3	12
5	12
8	12
9	12
11	12
3	13
5	13
8	13
9	13
11	13
12	13
3	14
5	14
8	14
9	14
11	14
12	14
13	14
3	15
5	15
8	15
9	15
11	15
12	15
13	15
14	15
3	16
5	16
8	16
9	16
11	16
12	16
13	16
14	16
15	16
3	17
5	17
8	17
9	17
11	17
12	17
13	17
14	17
15	17
16	17
3	18
5	18
8	18
9	18
11	18
12	18
13	18
14	18
15	18
16	18
17	18
3	19
5	19
7	19
8	19
9	19
11	19
12	19
13	19
14	19
15	19
16	19
17	19
18	19
3	20
12	20
3	21
5	21
8	21
9	21
11	21
12	21
13	21
14	21
15	21
16	21
17	21
18	21
19	21
3	22
5	22
8	22
9	22
11	22
12	22
13	22
14	22
15	22
16	22
17	22
18	22
19	22
21	22
3	23
5	23
8	23
9	23
11	23
12	23
13	23
14	23
15	23
16	23
17	23
18	23
19	23
21	23
22	23
12	24
20	24
3	25
5	25
8	25
9	25
11	25
12	25
13	25
14	25
15	25
16	25
17	25
18	25
19	25
21	25
22	25
23	25
3	26
5	26
7	26
8	26
9	26
11	26
12	26
13	26
14	26
15	26
16	26
17	26
18	26
19	26
21	26
22	26
23	26
25	26
3	27
5	27
8	27
9	27
11	27
12	27
13	27
14	27
15	27
16	27
17	27
18	27
19	27
21	27
22	27
23	27
25	27
26	27
3	28
12	28
20	28
23	28
3	29
5	29
8	29
9	29
11	29
12	29
13	29
14	29
15	29
16	29
17	29
18	29
19	29
21	29
22	29
23	29
25	29
26	29
27	29
12	30
28	30
3	31
5	31
8	31
9	31
11	31
12	31
13	31
14	31
15	31
16	31
17	31
18	31
19	31
21	31
22	31
23	31
25	31
26	31
27	31
29	31
3	32
5	32
7	32
8	32
9	32
11	32
12	32
13	32
14	32
15	32
16	32
17	32
18	32
19	32
21	32
22	32
23	32
25	32
26	32
27	32
29	32
31	32
3	33
5	33
8	33
9	33
11	33
12	33
13	33
14	33
15	33
16	33
17	33
18	33
19	33
21	33
22	33
23	33
25	33
26	33
27	33
29	33
31	33
32	33
3	34
5	34
8	34
9	34
11	34
12	34
13	34
14	34
15	34
16	34
17	34
18	34
19	34
21	34
22	34
23	34
25	34
26	34
27	34
29	34
31	34
32	34
33	34
3	35
5	35
8	35
9	35
11	35
12	35
13	35
14	35
15	35
16	35
17	35
18	35
19	35
21	35
22	35
23	35
25	35
26	35
27	35
29	35
31	35
32	35
33	35
34	35
3	36
4	36
5	36
7	36
8	36
9	36
11	36
12	36
13	36
14	36
15	36
16	36
17	36
18	36
19	36
20	36
21	36
22	36
23	36
24	36
25	36
26	36
27	36
28	36
29	36
30	36
31	36
32	36
33	36
34	36
35	36
3	37
5	37
8	37
9	37
11	37
12	37
13	37
14	37
15	37
16	37
17	37
18	37
19	37
21	37
22	37
23	37
25	37
26	37
27	37
29	37
31	37
32	37
33	37
34	37
35	37
36	37
3	38
5	38
8	38
9	38
11	38
12	38
13	38
14	38
15	38
16	38
17	38
18	38
19	38
21	38
22	38
23	38
25	38
26	38
27	38
29	38
31	38
32	38
33	38
34	38
35	38
36	38
37	38
3	39
5	39
8	39
9	39
11	39
12	39
13	39
14	39
15	39
16	39
17	39
18	39
19	39
21	39
22	39
23	39
25	39
26	39
27	39
29	39
31	39
32	39
33	39
34	39
35	39
36	39
37	39
38	39
3	40
5	40
8	40
9	40
11	40
12	40
13	40
14	40
15	40
16	40
17	40
18	40
19	40
21	40
22	40
23	40
25	40
26	40
27	40
29	40
31	40
32	40
33	40
34	40
35	40
36	40
37	40
38	40
39	40
3	41
5	41
7	41
8	41
9	41
11	41
12	41
13	41
14	41
15	41
16	41
17	41
18	41
19	41
21	41
22	41
23	41
25	41
26	41
27	41
28	41
29	41
31	41
32	41
33	41
34	41
35	41
36	41
37	41
38	41
39	41
40	41
12	42
28	42
36	42
3	43
5	43
8	43
9	43
11	43
12	43
13	43
14	43
15	43
16	43
17	43
18	43
19	43
21	43
22	43
23	43
25	43
26	43
27	43
29	43
31	43
32	43
33	43
34	43
35	43
36	43
37	43
38	43
39	43
40	43
41	43
3	44
4	44
5	44
7	44
8	44
9	44
11	44
12	44
13	44
14	44
15	44
16	44
17	44
18	44
19	44
20	44
21	44
22	44
23	44
25	44
26	44
27	44
28	44
29	44
31	44
32	44
33	44
34	44
35	44
36	44
37	44
38	44
39	44
40	44
41	44
43	44
3	45
5	45
7	45
8	45
9	45
11	45
12	45
13	45
14	45
15	45
16	45
17	45
18	45
19	45
21	45
22	45
23	45
25	45
26	45
27	45
29	45
31	45
32	45
33	45
34	45
35	45
36	45
37	45
38	45
39	45
40	45
41	45
43	45
44	45
3	46
5	46
8	46
9	46
11	46
12	46
13	46
14	46
15	46
16	46
17	46
18	46
19	46
21	46
22	46
23	46
25	46
26	46
27	46
29	46
31	46
32	46
33	46
34	46
35	46
36	46
37	46
38	46
39	46
40	46
41	46
43	46
44	46
45	46
3	47
5	47
8	47
9	47
11	47
12	47
13	47
14	47
15	47
16	47
17	47
18	47
19	47
21	47
22	47
23	47
25	47
26	47
27	47
29	47
31	47
32	47
33	47
34	47
35	47
36	47
37	47
38	47
39	47
40	47
41	47
43	47
44	47
45	47
46	47
3	48
5	48
8	48
9	48
11	48
12	48
13	48
14	48
15	48
16	48
17	48
18	48
19	48
21	48
22	48
23	48
25	48
26	48
27	48
29	48
31	48
32	48
33	48
34	48
35	48
36	48
37	48
38	48
39	48
40	48
41	48
43	48
44	48
45	48
46	48
47	48
3	49
5	49
8	49
9	49
11	49
12	49
13	49
14	49
15	49
16	49
17	49
18	49
19	49
21	49
22	49
23	49
25	49
26	49
27	49
29	49
31	49
32	49
33	49
34	49
35	49
36	49
37	49
38	49
39	49
40	49
41	49
43	49
44	49
45	49
46	49
47	49
48	49
3	50
5	50
7	50
8	50
9	50
11	50
12	50
13	50
14	50
15	50
16	50
17	50
18	50
19	50
21	50
22	50
23	50
25	50
26	50
27	50
29	50
31	50
32	50
33	50
34	50
35	50
36	50
37	50
38	50
39	50
40	50
41	50
43	50
44	50
45	50
46	50
47	50
48	50
49	50
3	51
5	51
7	51
8	51
9	51
11	51
12	51
13	51
14	51
15	51
16	51
17	51
18	51
19	51
21	51
22	51
23	51
25	51
26	51
27	51
29	51
31	51
32	51
33	51
34	51
35	51
36	51
37	51
38	51
39	51
40	51
41	51
43	51
44	51
45	51
46	51
47	51
48	51
49	51
50	51
3	52
5	52
8	52
9	52
11	52
12	52
13	52
14	52
15	52
16	52
17	52
18	52
19	52
21	52
22	52
23	52
25	52
26	52
27	52
29	52
31	52
32	52
33	52
34	52
35	52
36	52
37	52
38	52
39	52
40	52
41	52
43	52
44	52
45	52
46	52
47	52
48	52
49	52
50	52
51	52
3	53
5	53
8	53
9	53
11	53
12	53
13	53
14	53
15	53
16	53
17	53
18	53
19	53
21	53
22	53
23	53
25	53
26	53
27	53
29	53
31	53
32	53
33	53
34	53
35	53
36	53
37	53
38	53
39	53
40	53
41	53
43	53
44	53
45	53
46	53
47	53
48	53
49	53
50	53
51	53
52	53
3	54
5	54
8	54
9	54
11	54
12	54
13	54
14	54
15	54
16	54
17	54
18	54
19	54
21	54
22	54
23	54
25	54
26	54
27	54
29	54
31	54
32	54
33	54
34	54
35	54
36	54
37	54
38	54
39	54
40	54
41	54
43	54
44	54
45	54
46	54
47	54
48	54
49	54
50	54
51	54
52	54
53	54
3	55
5	55
8	55
9	55
11	55
12	55
13	55
14	55
15	55
16	55
17	55
18	55
19	55
21	55
22	55
23	55
25	55
26	55
27	55
29	55
31	55
32	55
33	55
34	55
35	55
36	55
37	55
38	55
39	55
40	55
41	55
43	55
44	55
45	55
46	55
47	55
48	55
49	55
50	55
51	55
52	55
53	55
54	55
3	56
5	56
8	56
9	56
11	56
12	56
13	56
14	56
15	56
16	56
17	56
18	56
19	56
21	56
22	56
23	56
25	56
26	56
27	56
29	56
31	56
32	56
33	56
34	56
35	56
36	56
37	56
38	56
39	56
40	56
41	56
43	56
44	56
45	56
46	56
47	56
48	56
49	56
50	56
51	56
52	56
53	56
54	56
55	56
3	57
5	57
7	57
8	57
9	57
11	57
12	57
13	57
14	57
15	57
16	57
17	57
18	57
19	57
21	57
22	57
23	57
25	57
26	57
27	57
28	57
29	57
31	57
32	57
33	57
34	57
35	57
36	57
37	57
38	57
39	57
40	57
41	57
43	57
44	57
45	57
46	57
47	57
48	57
49	57
50	57
51	57
52	57
53	57
54	57
55	57
56	57
3	58
5	58
8	58
9	58
11	58
12	58
13	58
14	58
15	58
16	58
17	58
18	58
19	58
21	58
22	58
23	58
25	58
26	58
27	58
29	58
31	58
32	58
33	58
34	58
35	58
36	58
37	58
38	58
39	58
40	58
41	58
43	58
44	58
45	58
46	58
47	58
48	58
49	58
50	58
51	58
52	58
53	58
54	58
55	58
56	58
57	58
3	59
5	59
8	59
9	59
11	59
12	59
13	59
14	59
15	59
16	59
17	59
18	59
19	59
21	59
22	59
23	59
25	59
26	59
27	59
29	59
31	59
32	59
33	59
34	59
35	59
36	59
37	59
38	59
39	59
40	59
41	59
43	59
44	59
45	59
46	59
47	59
48	59
49	59
50	59
51	59
52	59
53	59
54	59
55	59
56	59
57	59
58	59
3	60
5	60
7	60
8	60
9	60
11	60
12	60
13	60
14	60
15	60
16	60
17	60
18	60
19	60
21	60
22	60
23	60
25	60
26	60
27	60
29	60
31	60
32	60
33	60
34	60
35	60
36	60
37	60
38	60
39	60
40	60
41	60
43	60
44	60
45	60
46	60
47	60
48	60
49	60
50	60
51	60
52	60
53	60
54	60
55	60
56	60
57	60
58	60
59	60
3	61
5	61
8	61
9	61
10	61
11	61
12	61
13	61
14	61
15	61
16	61
17	61
18	61
19	61
21	61
22	61
23	61
25	61
26	61
27	61
29	61
31	61
32	61
33	61
34	61
35	61
36	61
37	61
38	61
39	61
40	61
41	61
43	61
44	61
45	61
46	61
47	61
48	61
49	61
50	61
51	61
52	61
53	61
54	61
55	61
56	61
57	61
58	61
59	61
60	61
3	62
5	62
7	62
8	62
9	62
11	62
12	62
13	62
14	62
15	62
16	62
17	62
18	62
19	62
21	62
22	62
23	62
25	62
26	62
27	62
28	62
29	62
31	62
32	62
33	62
34	62
35	62
36	62
37	62
38	62
39	62
40	62
41	62
43	62
44	62
45	62
46	62
47	62
48	62
49	62
50	62
51	62
52	62
53	62
54	62
55	62
56	62
57	62
58	62
59	62
60	62
61	62
3	63
5	63
8	63
9	63
11	63
12	63
13	63
14	63
15	63
16	63
17	63
18	63
19	63
21	63
22	63
23	63
25	63
26	63
27	63
29	63
31	63
32	63
33	63
34	63
35	63
36	63
37	63
38	63
39	63
40	63
41	63
43	63
44	63
45	63
46	63
47	63
48	63
49	63
50	63
51	63
52	63
53	63
54	63
55	63
56	63
57	63
58	63
59	63
60	63
61	63
62	63
3	64
5	64
8	64
9	64
11	64
12	64
13	64
14	64
15	64
16	64
17	64
18	64
19	64
21	64
22	64
23	64
25	64
26	64
27	64
29	64
31	64
32	64
33	64
34	64
35	64
36	64
37	64
38	64
39	64
40	64
41	64
43	64
44	64
45	64
46	64
47	64
48	64
49	64
50	64
51	64
52	64
53	64
54	64
55	64
56	64
57	64
58	64
59	64
60	64
61	64
62	64
63	64
3	65
5	65
8	65
9	65
11	65
12	65
13	65
14	65
15	65
16	65
17	65
18	65
19	65
21	65
22	65
23	65
25	65
26	65
27	65
29	65
31	65
32	65
33	65
34	65
35	65
36	65
37	65
38	65
39	65
40	65
41	65
43	65
44	65
45	65
46	65
47	65
48	65
49	65
50	65
51	65
52	65
53	65
54	65
55	65
56	65
57	65
58	65
59	65
60	65
61	65
62	65
63	65
64	65
3	66
5	66
8	66
9	66
11	66
12	66
13	66
14	66
15	66
16	66
17	66
18	66
19	66
21	66
22	66
23	66
25	66
26	66
27	66
29	66
31	66
32	66
33	66
34	66
35	66
36	66
37	66
38	66
39	66
40	66
41	66
43	66
44	66
45	66
46	66
47	66
48	66
49	66
50	66
51	66
52	66
53	66
54	66
55	66
56	66
57	66
58	66
59	66
60	66
61	66
62	66
63	66
64	66
65	66
3	67
4	67
5	67
7	67
8	67
9	67
11	67
12	67
13	67
14	67
15	67
16	67
17	67
18	67
19	67
20	67
21	67
22	67
23	67
25	67
26	67
27	67
28	67
29	67
31	67
32	67
33	67
34	67
35	67
36	67
37	67
38	67
39	67
40	67
41	67
43	67
44	67
45	67
46	67
47	67
48	67
49	67
50	67
51	67
52	67
53	67
54	67
55	67
56	67
57	67
58	67
59	67
60	67
61	67
62	67
63	67
64	67
65	67
66	67
3	68
5	68
8	68
9	68
11	68
12	68
13	68
14	68
15	68
16	68
17	68
18	68
19	68
21	68
22	68
23	68
25	68
26	68
27	68
29	68
31	68
32	68
33	68
34	68
35	68
36	68
37	68
38	68
39	68
40	68
41	68
43	68
44	68
45	68
46	68
47	68
48	68
49	68
50	68
51	68
52	68
53	68
54	68
55	68
56	68
57	68
58	68
59	68
60	68
61	68
62	68
63	68
64	68
65	68
66	68
67	68
3	69
5	69
8	69
9	69
11	69
12	69
13	69
14	69
15	69
16	69
17	69
18	69
19	69
21	69
22	69
23	69
25	69
26	69
27	69
29	69
31	69
32	69
33	69
34	69
35	69
36	69
37	69
38	69
39	69
40	69
41	69
43	69
44	69
45	69
46	69
47	69
48	69
49	69
50	69
51	69
52	69
53	69
54	69
55	69
56	69
57	69
58	69
59	69
60	69
61	69
62	69
63	69
64	69
65	69
66	69
67	69
68	69
3	70
5	70
7	70
8	70
9	70
11	70
12	70
13	70
14	70
15	70
16	70
17	70
18	70
19	70
21	70
22	70
23	70
25	70
26	70
27	70
29	70
31	70
32	70
33	70
34	70
35	70
36	70
37	70
38	70
39	70
40	70
41	70
43	70
44	70
45	70
46	70
47	70
48	70
49	70
50	70
51	70
52	70
53	70
54	70
55	70
56	70
57	70
58	70
59	70
60	70
61	70
62	70
63	70
64	70
65	70
66	70
67	70
68	70
69	70
3	71
5	71
7	71
8	71
9	71
11	71
12	71
13	71
14	71
15	71
16	71
17	71
18	71
19	71
21	71
22	71
23	71
25	71
26	71
27	71
29	71
31	71
32	71
33	71
34	71
35	71
36	71
37	71
38	71
39	71
40	71
41	71
43	71
44	71
45	71
46	71
47	71
48	71
49	71
50	71
51	71
52	71
53	71
54	71
55	71
56	71
57	71
58	71
59	71
60	71
61	71
62	71
63	71
64	71
65	71
66	71
67	71
68	71
69	71
70	71
3	72
5	72
8	72
9	72
11	72
12	72
13	72
14	72
15	72
16	72
17	72
18	72
19	72
21	72
22	72
23	72
25	72
26	72
27	72
29	72
31	72
32	72
33	72
34	72
35	72
36	72
37	72
38	72
39	72
40	72
41	72
43	72
44	72
45	72
46	72
47	72
48	72
49	72
50	72
51	72
52	72
53	72
54	72
55	72
56	72
57	72
58	72
59	72
60	72
61	72
62	72
63	72
64	72
65	72
66	72
67	72
68	72
69	72
70	72
71	72
3	73
5	73
8	73
9	73
11	73
12	73
13	73
14	73
15	73
16	73
17	73
18	73
19	73
21	73
22	73
23	73
25	73
26	73
27	73
29	73
31	73
32	73
33	73
34	73
35	73
36	73
37	73
38	73
39	73
40	73
41	73
43	73
44	73
45	73
46	73
47	73
48	73
49	73
50	73
51	73
52	73
53	73
54	73
55	73
56	73
57	73
58	73
59	73
60	73
61	73
62	73
63	73
64	73
65	73
66	73
67	73
68	73
69	73
70	73
71	73
72	73
3	74
4	74
5	74
7	74
8	74
9	74
11	74
12	74
13	74
14	74
15	74
16	74
17	74
18	74
19	74
20	74
21	74
22	74
23	74
25	74
26	74
27	74
28	74
29	74
31	74
32	74
33	74
34	74
35	74
36	74
37	74
38	74
39	74
40	74
41	74
43	74
44	74
45	74
46	74
47	74
48	74
49	74
50	74
51	74
52	74
53	74
54	74
55	74
56	74
57	74
58	74
59	74
60	74
61	74
62	74
63	74
64	74
65	74
66	74
67	74
68	74
69	74
70	74
71	74
72	74
73	74
3	75
5	75
8	75
9	75
11	75
12	75
13	75
14	75
15	75
16	75
17	75
18	75
19	75
21	75
22	75
23	75
25	75
26	75
27	75
29	75
31	75
32	75
33	75
34	75
35	75
36	75
37	75
38	75
39	75
40	75
41	75
43	75
44	75
45	75
46	75
47	75
48	75
49	75
50	75
51	75
52	75
53	75
54	75
55	75
56	75
57	75
58	75
59	75
60	75
61	75
62	75
63	75
64	75
65	75
66	75
67	75
68	75
69	75
70	75
71	75
72	75
73	75
74	75
3	76
5	76
7	76
8	76
9	76
11	76
12	76
13	76
14	76
15	76
16	76
17	76
18	76
19	76
21	76
22	76
23	76
25	76
26	76
27	76
29	76
31	76
32	76
33	76
34	76
35	76
36	76
37	76
38	76
39	76
40	76
41	76
43	76
44	76
45	76
46	76
47	76
48	76
49	76
50	76
51	76
52	76
53	76
54	76
55	76
56	76
57	76
58	76
59	76
60	76
61	76
62	76
63	76
64	76
65	76
66	76
67	76
68	76
69	76
70	76
71	76
72	76
73	76
74	76
75	76
3	77
5	77
12	77
20	77
28	77
36	77
42	77
3	78
5	78
8	78
9	78
11	78
12	78
13	78
14	78
15	78
16	78
17	78
18	78
19	78
21	78
22	78
23	78
25	78
26	78
27	78
29	78
31	78
32	78
33	78
34	78
35	78
36	78
37	78
38	78
39	78
40	78
41	78
43	78
44	78
45	78
46	78
47	78
48	78
49	78
50	78
51	78
52	78
53	78
54	78
55	78
56	78
57	78
58	78
59	78
60	78
61	78
62	78
63	78
64	78
65	78
66	78
67	78
68	78
69	78
70	78
71	78
72	78
73	78
74	78
75	78
76	78
3	79
61	79
3	80
18	80
36	80
44	80
61	80
67	80
74	80
79	80
3	81
10	81
26	81
27	81
36	81
48	81
61	81
79	81
80	81
3	82
44	82
67	82
74	82
3	83
18	83
36	83
44	83
57	83
82	83
3	84
7	84
8	84
18	84
36	84
44	84
57	84
82	84
3	85
36	85
44	85
82	85
3	86
18	86
36	86
44	86
57	86
82	86
3	87
36	87
38	87
44	87
57	87
82	87
86	87
3	88
36	88
44	88
57	88
67	88
74	88
82	88
84	88
3	89
67	89
74	89
82	89
3	90
18	90
36	90
44	90
57	90
74	90
81	90
82	90
84	90
3	91
7	91
8	91
18	91
36	91
44	91
57	91
82	91
83	91
84	91
85	91
3	92
36	92
44	92
57	92
67	92
74	92
82	92
88	92
90	92
3	93
36	93
44	93
67	93
74	93
82	93
90	93
3	94
36	94
38	94
44	94
67	94
74	94
82	94
83	94
3	95
7	95
8	95
95	96
3	97
7	97
8	97
67	97
74	97
95	97
3	98
7	98
8	98
14	98
21	98
23	98
28	98
31	98
33	98
36	98
40	98
41	98
44	98
51	98
56	98
57	98
60	98
62	98
67	98
70	98
74	98
95	98
96	98
3	99
36	99
44	99
67	99
74	99
95	99
96	99
98	99
4	100
4	101
36	101
100	101
3	102
4	102
5	102
36	102
44	102
100	102
101	102
23	103
36	103
51	103
36	104
103	104
3	105
7	105
8	105
36	105
60	105
3	106
7	106
8	106
21	106
32	106
34	106
36	106
40	106
44	106
50	106
51	106
57	106
60	106
62	106
76	106
98	106
105	106
36	107
105	107
3	108
36	108
44	108
105	108
3	109
7	109
8	109
36	109
44	109
60	109
105	109
106	109
3	110
36	110
40	110
44	110
60	110
67	110
74	110
105	110
106	110
3	111
7	111
8	111
36	111
57	111
60	111
70	111
105	111
106	111
109	111
3	112
36	112
105	112
36	113
105	113
107	113
3	114
36	114
43	114
55	114
57	114
105	114
3	115
36	115
44	115
60	115
98	115
99	115
105	115
106	115
110	115
3	116
7	116
8	116
18	116
36	116
60	116
61	116
81	116
105	116
106	116
107	116
108	116
109	116
110	116
111	116
112	116
113	116
114	116
115	116
3	117
7	117
8	117
31	117
36	117
44	117
51	117
55	117
60	117
67	117
70	117
74	117
98	117
105	117
106	117
111	117
114	117
116	117
3	118
36	118
105	118
112	118
116	118
3	119
7	119
8	119
36	119
44	119
67	119
74	119
3	120
67	120
74	120
119	120
3	121
7	121
8	121
17	121
18	121
36	121
38	121
44	121
67	121
70	121
74	121
76	121
98	121
101	121
108	121
119	121
3	122
7	122
8	122
36	122
44	122
67	122
74	122
119	122
121	122
3	123
18	123
36	123
44	123
67	123
74	123
119	123
98	124
99	124
3	125
7	125
8	125
98	125
99	125
124	125
3	126
27	126
36	126
57	126
61	126
76	126
81	126
98	126
36	127
81	127
90	127
126	127
3	128
27	128
126	128
3	129
31	129
36	129
57	129
98	129
117	129
126	129
36	130
126	130
127	130
3	131
7	131
8	131
27	131
50	131
76	131
126	131
3	132
7	132
8	132
36	132
55	132
57	132
60	132
61	132
81	132
98	132
106	132
107	132
108	132
109	132
110	132
111	132
112	132
113	132
114	132
115	132
116	132
117	132
118	132
121	132
3	133
36	133
44	133
55	133
114	133
115	133
117	133
132	133
3	134
18	134
132	134
3	135
132	135
132	136
132	137
136	137
3	138
7	138
8	138
36	138
55	138
57	138
60	138
98	138
106	138
107	138
108	138
109	138
110	138
111	138
112	138
113	138
114	138
115	138
117	138
118	138
121	138
132	138
133	138
134	138
135	138
136	138
137	138
3	139
7	139
8	139
36	139
57	139
132	139
138	139
3	140
7	140
8	140
36	140
60	140
106	140
132	140
138	140
139	140
3	141
36	141
132	141
134	141
138	141
3	142
7	142
8	142
18	142
23	142
27	142
31	142
33	142
36	142
43	142
44	142
48	142
49	142
50	142
51	142
55	142
57	142
60	142
61	142
63	142
66	142
67	142
70	142
71	142
74	142
76	142
98	142
99	142
106	142
108	142
111	142
116	142
117	142
121	142
132	142
138	142
3	143
7	143
8	143
36	143
60	143
70	143
98	143
106	143
111	143
114	143
132	143
138	143
142	143
3	144
7	144
8	144
11	144
14	144
26	144
36	144
41	144
44	144
55	144
57	144
58	144
60	144
65	144
71	144
73	144
106	144
111	144
117	144
121	144
132	144
133	144
135	144
138	144
140	144
142	144
3	145
7	145
8	145
36	145
98	145
132	145
138	145
3	146
7	146
8	146
36	146
44	146
51	146
55	146
67	146
70	146
74	146
98	146
99	146
132	146
138	146
142	146
143	146
3	147
7	147
8	147
36	147
36	148
62	148
147	148
3	149
7	149
8	149
70	149
147	149
5	150
18	150
36	150
46	150
18	151
150	151
18	152
36	152
46	152
150	152
3	153
18	153
116	153
142	153
150	153
3	154
5	154
7	154
8	154
18	154
36	154
150	154
151	154
153	154
3	155
67	155
74	155
3	156
67	156
74	156
115	156
155	156
3	157
155	157
3	158
36	158
60	158
106	158
3	159
7	159
8	159
36	159
60	159
106	159
158	159
3	160
60	160
106	160
142	160
158	160
3	161
36	161
51	161
57	161
142	161
3	162
7	162
8	162
36	162
51	162
161	162
3	163
36	163
43	163
57	163
70	163
142	163
161	163
3	164
7	164
8	164
15	164
21	164
23	164
27	164
33	164
36	164
37	164
51	164
55	164
56	164
57	164
59	164
60	164
63	164
70	164
98	164
106	164
117	164
142	164
144	164
146	164
161	164
162	164
3	165
36	165
44	165
3	166
18	166
36	166
38	166
44	166
55	166
58	166
67	166
74	166
87	166
165	166
3	167
36	167
44	167
165	167
166	167
3	168
36	168
44	168
67	168
74	168
98	168
99	168
165	168
3	169
18	169
21	169
36	169
38	169
44	169
51	169
57	169
60	169
67	169
74	169
83	169
94	169
106	169
165	169
166	169
167	169
3	170
67	170
74	170
97	170
115	170
3	171
36	171
44	171
67	171
74	171
110	171
3	172
18	172
36	172
40	172
64	172
110	172
171	172
3	173
18	173
36	173
44	173
61	173
67	173
74	173
81	173
171	173
3	174
18	174
29	174
31	174
36	174
38	174
40	174
44	174
64	174
67	174
74	174
93	174
110	174
166	174
171	174
172	174
3	175
18	175
36	175
38	175
44	175
57	175
3	176
36	176
44	176
175	176
3	177
7	177
8	177
18	177
21	177
36	177
44	177
51	177
74	177
85	177
91	177
169	177
175	177
80	178
3	179
18	179
36	179
74	179
80	179
178	179
3	180
36	180
44	180
67	180
74	180
80	180
110	180
173	180
178	180
179	180
3	181
18	181
36	181
74	181
80	181
178	181
3	182
36	182
44	182
67	182
74	182
80	182
110	182
173	182
178	182
181	182
3	183
36	183
44	183
74	183
3	184
44	184
183	184
36	185
44	185
74	185
183	185
3	186
18	186
40	186
44	186
74	186
183	186
184	186
3	187
8	187
14	187
15	187
18	187
19	187
21	187
23	187
27	187
31	187
34	187
35	187
36	187
37	187
38	187
40	187
43	187
44	187
45	187
48	187
49	187
51	187
55	187
56	187
57	187
59	187
63	187
66	187
67	187
70	187
71	187
74	187
80	187
90	187
92	187
93	187
98	187
99	187
114	187
142	187
166	187
169	187
173	187
177	187
179	187
181	187
183	187
185	187
186	187
18	188
35	188
74	188
187	188
18	189
35	189
74	189
187	189
188	189
3	190
7	190
8	190
36	190
57	190
111	190
142	190
3	191
7	191
8	191
44	191
190	191
3	192
36	192
57	192
142	192
190	192
36	193
44	193
3	194
7	194
8	194
36	194
44	194
51	194
142	194
164	194
193	194
36	195
44	195
99	195
18	196
36	196
44	196
64	196
195	196
36	197
44	197
99	197
195	197
3	198
28	198
30	198
36	198
24	199
28	199
36	199
198	199
3	200
28	200
36	200
198	200
199	200
28	201
36	201
198	201
28	202
30	202
36	202
42	202
198	202
199	202
3	203
36	203
44	203
67	203
74	203
98	203
99	203
198	203
200	203
201	203
3	204
36	204
198	204
200	204
203	204
30	205
36	205
198	205
3	206
28	206
36	206
44	206
67	206
74	206
198	206
201	206
204	206
3	207
18	207
36	207
44	207
64	207
67	207
74	207
174	207
3	208
18	208
36	208
70	208
74	208
110	208
180	208
182	208
187	208
207	208
3	209
36	209
110	209
207	209
208	209
3	210
36	210
207	210
3	211
18	211
36	211
44	211
67	211
74	211
180	211
182	211
187	211
207	211
208	211
210	211
3	212
36	212
110	212
207	212
208	212
3	213
36	213
44	213
67	213
74	213
207	213
3	214
18	214
29	214
36	214
70	214
74	214
110	214
142	214
160	214
187	214
207	214
208	214
209	214
3	215
18	215
36	215
40	215
64	215
110	215
174	215
207	215
3	216
7	216
8	216
18	216
36	216
60	216
74	216
106	216
110	216
142	216
187	216
207	216
208	216
209	216
214	216
3	217
36	217
44	217
51	217
60	217
67	217
71	217
74	217
106	217
121	217
3	218
36	218
67	218
166	218
217	218
3	219
7	219
8	219
36	219
44	219
57	219
60	219
106	219
115	219
144	219
217	219
3	220
7	220
8	220
217	220
217	221
217	222
221	222
3	223
36	223
44	223
67	223
70	223
74	223
217	223
3	224
31	224
44	224
51	224
67	224
71	224
74	224
217	224
3	225
31	225
36	225
44	225
51	225
67	225
71	225
74	225
217	225
3	226
36	226
217	226
219	226
3	227
7	227
8	227
36	227
121	227
217	227
220	227
3	228
36	228
67	228
166	228
217	228
218	228
3	229
36	229
44	229
67	229
74	229
217	229
223	229
217	230
3	231
7	231
8	231
36	231
98	231
217	231
219	231
226	231
217	232
230	232
3	233
14	233
36	233
71	233
144	233
217	233
220	233
3	234
36	234
44	234
67	234
74	234
217	234
36	235
217	235
234	235
3	236
36	236
60	236
106	236
217	236
218	236
221	236
222	236
228	236
230	236
232	236
234	236
235	236
3	237
7	237
8	237
144	237
3	238
7	238
8	238
144	238
237	238
3	239
7	239
8	239
36	239
144	239
237	239
3	240
7	240
8	240
36	240
3	241
7	241
8	241
142	241
240	241
36	242
240	242
3	243
18	243
36	243
62	243
70	243
74	243
149	243
187	243
208	243
3	244
7	244
8	244
18	244
36	244
40	244
44	244
51	244
67	244
70	244
71	244
74	244
98	244
111	244
121	244
142	244
143	244
146	244
149	244
187	244
214	244
223	244
243	244
3	245
18	245
36	245
38	245
121	245
245	246
3	247
18	247
36	247
44	247
245	247
3	248
40	248
142	248
174	248
3	249
18	249
36	249
44	249
67	249
74	249
142	249
187	249
248	249
3	250
18	250
36	250
40	250
64	250
110	250
174	250
248	250
3	251
40	251
142	251
174	251
215	251
3	252
18	252
36	252
44	252
67	252
74	252
142	252
187	252
208	252
251	252
36	253
3	254
36	254
43	254
142	254
253	254
3	255
36	255
44	255
51	255
67	255
74	255
142	255
164	255
223	255
253	255
254	255
3	256
18	256
44	256
51	256
67	256
74	256
3	257
18	257
98	257
256	257
3	258
18	258
74	258
187	258
256	258
257	258
3	259
44	259
50	259
51	259
60	259
67	259
74	259
76	259
106	259
256	259
36	260
44	260
3	261
36	261
44	261
260	261
70	262
244	262
3	263
70	263
244	263
262	263
3	264
27	264
36	264
60	264
67	264
106	264
166	264
3	265
36	265
44	265
64	265
67	265
74	265
174	265
218	265
228	265
264	265
3	266
36	266
44	266
70	266
187	266
214	266
218	266
228	266
264	266
3	267
14	267
27	267
36	267
41	267
55	267
57	267
71	267
133	267
135	267
142	267
144	267
219	267
233	267
264	267
36	268
67	268
74	268
218	268
228	268
264	268
3	269
36	269
67	269
72	269
74	269
102	269
218	269
228	269
263	269
264	269
268	269
3	270
27	270
36	270
44	270
67	270
74	270
264	270
267	270
221	271
222	271
230	271
232	271
264	271
3	272
27	272
36	272
44	272
67	272
74	272
264	272
267	272
221	273
222	273
230	273
232	273
264	273
271	273
3	274
36	274
60	274
106	274
111	274
117	274
142	274
144	274
164	274
218	274
228	274
233	274
264	274
266	274
3	275
67	275
74	275
218	275
228	275
264	275
266	275
274	275
3	276
27	276
36	276
60	276
67	276
106	276
166	276
264	276
265	276
266	276
267	276
268	276
269	276
270	276
271	276
272	276
273	276
274	276
275	276
36	277
47	277
67	277
74	277
218	277
228	277
264	277
265	277
276	277
36	278
53	278
67	278
74	278
166	278
218	278
228	278
264	278
276	278
36	279
54	279
67	279
74	279
218	279
228	279
264	279
276	279
3	280
36	280
3	281
7	281
8	281
18	281
36	281
72	281
263	281
269	281
280	281
3	282
18	282
36	282
38	282
44	282
67	282
72	282
74	282
86	282
87	282
102	282
142	282
166	282
261	282
269	282
280	282
281	282
3	283
36	283
44	283
67	283
74	283
280	283
281	283
282	283
3	284
269	284
280	284
3	285
13	285
18	285
36	285
44	285
72	285
74	285
280	285
281	285
282	285
283	285
3	286
7	286
8	286
70	286
244	286
3	287
18	287
36	287
62	287
70	287
74	287
187	287
244	287
286	287
3	288
7	288
8	288
36	288
286	288
3	289
36	289
44	289
67	289
74	289
84	289
85	289
86	289
87	289
88	289
90	289
91	289
92	289
93	289
3	290
36	290
57	290
86	290
93	290
174	290
289	290
3	291
36	291
38	291
44	291
57	291
87	291
166	291
174	291
289	291
290	291
14	292
18	292
74	292
187	292
14	293
18	293
74	293
187	293
292	293
3	294
98	294
274	294
3	295
36	295
44	295
67	295
74	295
274	295
294	295
3	296
98	296
294	296
3	297
98	297
274	297
294	297
295	297
296	297
3	298
269	298
281	298
284	298
3	299
263	299
269	299
281	299
284	299
298	299
3	300
11	300
32	300
62	300
73	300
3	301
11	301
32	301
36	301
44	301
62	301
67	301
73	301
74	301
300	301
36	302
62	302
3	303
11	303
32	303
62	303
73	303
3	304
7	304
8	304
11	304
28	304
34	304
36	304
57	304
60	304
62	304
73	304
98	304
106	304
148	304
243	304
287	304
300	304
301	304
302	304
303	304
36	305
62	305
288	305
304	305
3	306
11	306
32	306
36	306
44	306
62	306
67	306
73	306
74	306
304	306
36	307
62	307
243	307
304	307
36	308
62	308
304	308
3	309
18	309
36	309
62	309
70	309
74	309
187	309
244	309
302	309
304	309
3	310
11	310
32	310
36	310
44	310
62	310
67	310
73	310
74	310
303	310
304	310
3	311
18	311
36	311
62	311
70	311
74	311
187	311
304	311
3	312
11	312
32	312
62	312
73	312
304	312
3	313
18	313
36	313
62	313
70	313
74	313
187	313
244	313
304	313
305	313
3	314
7	314
8	314
11	314
18	314
32	314
36	314
60	314
62	314
67	314
74	314
106	314
111	314
144	314
233	314
274	314
300	314
301	314
303	314
306	314
310	314
312	314
36	315
62	315
304	315
311	315
3	316
7	316
8	316
34	316
36	316
51	316
60	316
62	316
106	316
304	316
3	317
11	317
32	317
36	317
44	317
62	317
67	317
73	317
74	317
304	317
314	317
3	318
18	318
36	318
62	318
70	318
74	318
187	318
244	318
304	318
36	319
62	319
287	319
304	319
3	320
18	320
36	320
62	320
70	320
74	320
148	320
187	320
244	320
304	320
36	321
62	321
304	321
318	321
62	322
70	322
244	322
304	322
308	322
3	323
11	323
32	323
36	323
44	323
62	323
67	323
73	323
74	323
304	323
312	323
314	323
3	324
11	324
32	324
36	324
44	324
62	324
67	324
73	324
74	324
304	324
314	324
3	325
11	325
32	325
62	325
73	325
304	325
314	325
324	325
3	326
11	326
32	326
36	326
62	326
73	326
187	326
304	326
314	326
317	326
3	327
11	327
32	327
62	327
73	327
304	327
306	327
314	327
3	328
7	328
8	328
11	328
36	328
60	328
106	328
111	328
144	328
233	328
274	328
300	328
301	328
303	328
306	328
310	328
312	328
314	328
317	328
323	328
324	328
325	328
326	328
327	328
14	329
36	329
144	329
233	329
267	329
36	330
71	330
144	330
233	330
267	330
3	331
36	331
44	331
67	331
74	331
144	331
233	331
274	331
314	331
328	331
3	332
7	332
8	332
36	332
55	332
57	332
60	332
98	332
106	332
108	332
109	332
110	332
111	332
114	332
115	332
117	332
121	332
133	332
134	332
135	332
136	332
137	332
139	332
140	332
141	332
142	332
143	332
144	332
145	332
146	332
231	332
3	333
7	333
8	333
36	333
55	333
57	333
60	333
61	333
81	333
98	333
106	333
108	333
109	333
110	333
111	333
114	333
115	333
117	333
121	333
133	333
134	333
135	333
136	333
137	333
139	333
140	333
141	333
142	333
143	333
144	333
145	333
146	333
231	333
332	333
3	334
36	334
44	334
57	334
84	334
44	335
83	335
84	335
86	335
90	335
334	335
3	336
36	336
44	336
57	336
90	336
334	336
335	336
3	337
18	337
36	337
44	337
334	337
3	339
67	339
74	339
338	339
3	340
7	340
8	340
21	340
36	340
44	340
51	340
57	340
67	340
74	340
98	340
99	340
125	340
168	340
338	340
180	341
182	341
3	342
18	342
36	342
74	342
182	342
187	342
249	342
341	342
3	343
18	343
36	343
74	343
180	343
187	343
341	343
3	344
18	344
36	344
44	344
67	344
74	344
180	344
182	344
187	344
341	344
342	344
343	344
180	345
182	345
211	345
3	346
18	346
36	346
74	346
182	346
187	346
208	346
211	346
252	346
345	346
3	347
18	347
36	347
74	347
180	347
187	347
208	347
211	347
345	347
36	348
44	348
98	348
99	348
3	349
36	349
44	349
98	349
99	349
269	349
281	349
348	349
3	350
36	350
44	350
67	350
70	350
74	350
98	350
99	350
244	350
285	350
332	350
333	350
348	350
349	350
3	351
44	351
55	351
67	351
74	351
3	352
44	352
55	352
67	352
74	352
114	352
351	352
3	353
44	353
67	353
74	353
122	353
351	353
36	354
44	354
3	355
7	355
8	355
36	355
44	355
67	355
74	355
80	355
110	355
173	355
180	355
210	355
211	355
344	355
354	355
32	356
36	356
44	356
32	357
36	357
44	357
356	357
3	358
36	358
44	358
121	358
356	358
357	358
3	359
7	359
8	359
36	359
307	359
3	360
7	360
8	360
70	360
244	360
318	360
359	360
3	361
34	361
36	361
44	361
67	361
71	361
74	361
3	362
21	362
36	362
44	362
51	362
57	362
67	362
74	362
122	362
142	362
244	362
353	362
3	363
36	363
110	363
214	363
3	364
7	364
8	364
18	364
29	364
36	364
60	364
74	364
106	364
110	364
142	364
187	364
214	364
363	364
3	365
18	365
36	365
44	365
64	365
67	365
74	365
174	365
214	365
363	365
364	365
3	366
18	366
36	366
70	366
74	366
110	366
180	366
182	366
187	366
214	366
318	366
363	366
364	366
365	366
3	367
36	367
44	367
67	367
70	367
74	367
117	367
121	367
142	367
146	367
3	368
7	368
8	368
36	368
43	368
44	368
67	368
70	368
74	368
117	368
142	368
163	368
164	368
367	368
3	369
36	369
44	369
60	369
67	369
70	369
74	369
106	369
117	369
367	369
368	369
3	370
36	370
70	370
146	370
367	370
3	371
142	371
367	371
44	372
67	372
70	372
74	372
367	372
369	372
3	373
45	373
57	373
70	373
98	373
121	373
142	373
367	373
3	374
18	374
21	374
36	374
44	374
51	374
67	374
74	374
83	374
84	374
86	374
89	374
90	374
91	374
93	374
134	374
142	374
169	374
177	374
187	374
282	374
3	375
18	375
134	375
142	375
282	375
374	375
3	376
3	377
67	377
74	377
376	377
3	378
7	378
8	378
18	378
36	378
151	378
154	378
3	379
7	379
8	379
36	379
154	379
378	379
44	380
191	380
3	381
21	381
36	381
44	381
51	381
55	381
57	381
67	381
74	381
142	381
191	381
362	381
380	381
68	382
380	382
3	383
18	383
36	383
74	383
180	383
187	383
366	383
3	384
36	384
110	384
365	384
366	384
3	385
18	385
36	385
74	385
182	385
187	385
366	385
3	386
36	386
180	386
366	386
3	387
36	387
182	387
366	387
3	388
18	388
36	388
44	388
67	388
74	388
142	388
187	388
366	388
385	388
387	388
3	389
18	389
36	389
44	389
67	389
74	389
180	389
182	389
187	389
355	389
365	389
366	389
383	389
385	389
386	389
3	390
67	390
74	390
3	391
18	391
23	391
31	391
36	391
63	391
67	391
74	391
123	391
142	391
187	391
390	391
3	392
18	392
38	392
169	392
3	393
36	393
44	393
67	393
74	393
169	393
392	393
3	394
36	394
44	394
169	394
392	394
393	394
3	395
18	395
38	395
67	395
74	395
392	395
3	396
21	396
36	396
44	396
51	396
67	396
74	396
122	396
3	397
60	397
106	397
142	397
214	397
3	398
70	398
142	398
160	398
214	398
216	398
244	398
364	398
397	398
3	399
7	399
8	399
18	399
36	399
60	399
74	399
106	399
110	399
142	399
187	399
214	399
397	399
398	399
3	400
36	400
60	400
106	400
397	400
3	401
18	401
36	401
70	401
74	401
187	401
307	401
3	402
7	402
8	402
36	402
60	402
106	402
3	403
7	403
8	403
18	403
29	403
36	403
60	403
74	403
106	403
110	403
142	403
160	403
187	403
214	403
398	403
402	403
3	404
36	404
60	404
106	404
402	404
3	405
44	405
335	405
3	406
36	406
44	406
67	406
74	406
335	406
405	406
3	407
36	407
44	407
57	407
67	407
74	407
86	407
335	407
3	408
36	408
44	408
53	408
83	408
335	408
335	409
3	410
7	410
8	410
60	410
106	410
142	410
214	410
398	410
3	411
60	411
106	411
142	411
214	411
398	411
410	411
3	412
7	412
8	412
36	412
60	412
106	412
410	412
3	413
18	413
36	413
70	413
74	413
148	413
187	413
3	414
36	414
40	414
73	414
317	414
326	414
3	415
36	415
44	415
67	415
73	415
74	415
414	415
3	416
7	416
8	416
18	416
36	416
40	416
74	416
414	416
3	417
36	417
182	417
3	418
18	418
36	418
44	418
61	418
67	418
74	418
81	418
142	418
181	418
187	418
417	418
3	419
18	419
36	419
70	419
74	419
80	419
110	419
179	419
180	419
181	419
182	419
187	419
214	419
417	419
418	419
3	420
36	420
182	420
3	421
18	421
36	421
44	421
67	421
74	421
142	421
187	421
420	421
3	422
18	422
36	422
70	422
74	422
110	422
180	422
182	422
187	422
214	422
311	422
420	422
421	422
18	423
37	423
74	423
187	423
18	424
37	424
74	424
187	424
423	424
36	425
37	425
51	425
164	425
3	426
36	426
44	426
67	426
73	426
74	426
3	427
36	427
44	427
67	427
70	427
73	427
74	427
117	427
146	427
244	427
426	427
3	428
70	428
214	428
266	428
3	429
36	429
114	429
144	429
3	430
7	430
8	430
36	430
144	430
429	430
3	431
36	431
114	431
117	431
429	431
36	432
44	432
247	432
3	433
74	433
187	433
258	433
432	433
3	434
7	434
8	434
36	434
109	434
144	434
274	434
314	434
328	434
432	434
433	434
36	435
101	435
102	435
121	435
269	435
3	436
17	436
76	436
102	436
269	436
435	436
180	437
182	437
3	438
18	438
36	438
44	438
67	438
74	438
180	438
182	438
187	438
355	438
422	438
437	438
3	439
18	439
36	439
74	439
182	439
187	439
421	439
422	439
437	439
438	439
3	440
18	440
36	440
74	440
180	440
187	440
422	440
437	440
438	440
3	441
36	441
80	441
180	441
419	441
3	442
60	442
93	442
106	442
121	442
142	442
197	442
358	442
3	443
60	443
106	443
142	443
214	443
398	443
3	444
142	444
214	444
398	444
443	444
3	445
36	445
60	445
106	445
443	445
3	446
269	446
3	447
5	447
446	447
3	448
7	448
8	448
36	448
269	448
446	448
3	449
13	449
67	449
74	449
446	449
447	449
3	450
70	450
244	450
446	450
447	450
449	450
3	451
102	451
269	451
282	451
446	451
448	451
18	452
45	452
74	452
187	452
18	453
45	453
74	453
187	453
452	453
3	454
7	454
8	454
18	454
36	454
60	454
74	454
106	454
110	454
142	454
187	454
214	454
398	454
3	455
18	455
36	455
44	455
64	455
67	455
74	455
174	455
214	455
250	455
344	455
454	455
3	456
18	456
36	456
70	456
74	456
110	456
180	456
182	456
187	456
214	456
249	456
342	456
343	456
344	456
401	456
454	456
455	456
3	457
7	457
8	457
36	457
60	457
106	457
454	457
3	458
60	458
106	458
142	458
214	458
398	458
404	458
454	458
3	459
36	459
110	459
214	459
454	459
455	459
456	459
3	460
18	460
36	460
40	460
64	460
110	460
174	460
3	461
36	461
44	461
67	461
74	461
80	461
110	461
174	461
460	461
3	462
40	462
142	462
174	462
418	462
460	462
3	463
18	463
36	463
44	463
64	463
67	463
74	463
80	463
174	463
214	463
419	463
460	463
2	464
3	464
5	464
269	464
281	464
298	464
2	465
3	465
5	465
464	465
3	466
7	466
8	466
70	466
244	466
309	466
3	467
18	467
36	467
70	467
74	467
187	467
214	467
309	467
3	468
36	468
38	468
47	468
53	468
54	468
60	468
64	468
72	468
74	468
106	468
3	469
18	469
36	469
44	469
53	469
67	469
74	469
278	469
408	469
3	470
18	470
36	470
38	470
44	470
53	470
67	470
74	470
94	470
393	470
408	470
3	471
36	471
38	471
47	471
53	471
54	471
60	471
64	471
72	471
74	471
106	471
468	471
3	472
36	472
44	472
67	472
74	472
110	472
174	472
3	473
18	473
36	473
44	473
67	473
74	473
180	473
182	473
187	473
355	473
472	473
3	474
18	474
36	474
40	474
64	474
110	474
174	474
472	474
3	475
27	475
44	475
61	475
67	475
74	475
142	475
3	476
44	476
61	476
67	476
74	476
142	476
475	476
3	477
27	477
61	477
475	477
3	478
7	478
8	478
27	478
36	478
60	478
61	478
106	478
475	478
477	478
3	479
27	479
36	479
61	479
90	479
142	479
475	479
477	479
478	479
3	480
36	480
182	480
208	480
252	480
18	481
55	481
74	481
187	481
18	482
55	482
74	482
187	482
481	482
3	483
36	483
44	483
67	483
74	483
350	483
3	484
36	484
44	484
67	484
70	484
74	484
98	484
99	484
244	484
350	484
483	484
3	485
36	485
44	485
67	485
74	485
285	485
350	485
483	485
484	485
3	486
60	486
71	486
106	486
3	487
7	487
8	487
36	487
45	487
57	487
60	487
70	487
71	487
98	487
106	487
144	487
244	487
274	487
314	487
328	487
409	487
486	487
3	488
7	488
8	488
45	488
60	488
70	488
71	488
106	488
142	488
244	488
486	488
3	489
17	489
21	489
36	489
44	489
51	489
67	489
74	489
76	489
121	489
396	489
3	490
23	490
44	490
67	490
74	490
3	491
44	491
51	491
67	491
74	491
490	491
3	492
44	492
67	492
74	492
490	492
491	492
3	493
23	493
44	493
60	493
67	493
74	493
106	493
206	493
490	493
3	494
7	494
8	494
11	494
32	494
60	494
106	494
300	494
301	494
303	494
306	494
310	494
312	494
317	494
323	494
324	494
325	494
326	494
327	494
3	495
18	495
36	495
44	495
64	495
67	495
74	495
172	495
173	495
174	495
214	495
403	495
3	496
18	496
36	496
44	496
64	496
67	496
74	496
174	496
214	496
399	496
473	496
474	496
3	497
18	497
29	497
64	497
174	497
196	497
3	498
18	498
64	498
67	498
74	498
3	499
18	499
36	499
40	499
64	499
110	499
174	499
3	500
18	500
60	500
64	500
106	500
498	500
3	501
18	501
36	501
40	501
64	501
110	501
174	501
365	501
3	502
18	502
31	502
64	502
142	502
174	502
3	503
18	503
31	503
64	503
67	503
74	503
174	503
502	503
3	504
18	504
36	504
44	504
64	504
67	504
74	504
174	504
214	504
422	504
438	504
499	504
36	505
214	505
3	506
7	506
8	506
18	506
31	506
36	506
60	506
67	506
70	506
74	506
98	506
106	506
142	506
146	506
187	506
244	506
287	506
322	506
332	506
333	506
427	506
487	506
505	506
3	507
18	507
36	507
44	507
72	507
99	507
102	507
214	507
269	507
282	507
451	507
505	507
3	508
36	508
214	508
505	508
506	508
3	509
36	509
60	509
106	509
214	509
505	509
507	509
508	509
20	510
28	510
36	510
77	510
199	510
28	511
36	511
199	511
200	511
3	512
18	512
36	512
44	512
47	512
67	512
74	512
277	512
3	513
7	513
8	513
98	513
111	513
142	513
3	514
36	514
44	514
67	514
74	514
111	514
144	514
274	514
314	514
328	514
36	515
60	515
106	515
111	515
117	515
142	515
164	515
18	516
71	516
74	516
187	516
3	517
18	517
21	517
36	517
44	517
51	517
67	517
71	517
74	517
374	517
3	518
17	518
44	518
67	518
71	518
74	518
76	518
121	518
489	518
517	518
3	519
23	519
34	519
40	519
45	519
51	519
71	519
75	519
109	519
369	519
506	519
18	520
71	520
74	520
187	520
516	520
3	521
18	521
36	521
38	521
44	521
58	521
67	521
74	521
166	521
275	521
3	522
20	522
28	522
36	522
44	522
67	522
74	522
492	522
493	522
3	523
28	523
36	523
44	523
67	523
74	523
206	523
493	523
522	523
3	524
44	524
60	524
99	524
106	524
493	524
507	524
3	525
28	525
36	525
44	525
67	525
74	525
104	525
200	525
204	525
206	525
493	525
522	525
3	526
7	526
8	526
36	526
44	526
61	526
67	526
74	526
81	526
144	526
3	527
7	527
8	527
36	527
44	527
61	527
67	527
74	527
81	527
144	527
333	527
526	527
3	528
7	528
8	528
36	528
44	528
61	528
67	528
74	528
81	528
144	528
526	528
3	529
36	529
44	529
67	529
74	529
214	529
216	529
3	530
36	530
110	530
214	530
399	530
496	530
3	531
36	531
110	531
214	531
419	531
463	531
3	532
7	532
8	532
18	532
36	532
60	532
74	532
106	532
142	532
187	532
214	532
398	532
467	532
3	533
36	533
214	533
269	533
282	533
508	533
509	533
3	534
60	534
106	534
142	534
214	534
398	534
29	535
214	535
216	535
364	535
3	536
18	536
36	536
48	536
70	536
74	536
110	536
173	536
180	536
182	536
187	536
214	536
403	536
413	536
495	536
3	537
60	537
70	537
106	537
142	537
214	537
244	537
398	537
3	538
36	538
110	538
214	538
403	538
495	538
536	538
3	539
7	539
8	539
18	539
36	539
60	539
74	539
106	539
142	539
187	539
214	539
398	539
3	540
60	540
106	540
142	540
214	540
398	540
539	540
29	541
214	541
216	541
403	541
529	541
3	542
36	542
44	542
48	542
67	542
74	542
214	542
216	542
418	542
535	542
3	543
18	543
36	543
70	543
74	543
187	543
214	543
313	543
539	543
3	544
60	544
106	544
142	544
214	544
398	544
3	545
4	545
18	545
36	545
49	545
70	545
74	545
110	545
180	545
182	545
187	545
214	545
320	545
399	545
473	545
496	545
530	545
542	545
3	546
36	546
110	546
214	546
422	546
504	546
3	547
60	547
106	547
142	547
214	547
216	547
398	547
3	548
44	548
67	548
70	548
74	548
214	548
244	548
362	548
398	548
3	549
7	549
8	549
60	549
106	549
142	549
214	549
398	549
544	549
3	550
7	550
8	550
18	550
60	550
74	550
106	550
110	550
187	550
214	550
422	550
504	550
546	550
3	551
7	551
8	551
60	551
106	551
142	551
214	551
398	551
534	551
3	552
70	552
142	552
214	552
244	552
398	552
537	552
3	553
60	553
106	553
142	553
214	553
398	553
532	553
3	554
7	554
8	554
18	554
60	554
74	554
106	554
110	554
159	554
187	554
214	554
419	554
463	554
531	554
3	555
60	555
106	555
142	555
214	555
364	555
398	555
509	555
3	556
40	556
49	556
142	556
174	556
474	556
3	557
15	557
51	557
142	557
164	557
241	557
36	558
51	558
117	558
164	558
3	559
51	559
70	559
164	559
244	559
450	559
3	560
7	560
8	560
36	560
51	560
164	560
255	560
7	561
8	561
51	561
142	561
164	561
3	562
17	562
51	562
76	562
164	562
436	562
561	562
36	563
51	563
70	563
164	563
368	563
558	563
36	564
51	564
164	564
3	565
7	565
8	565
36	565
51	565
142	565
164	565
560	565
3	566
117	566
142	566
144	566
164	566
274	566
382	566
3	567
7	567
8	567
36	567
51	567
60	567
106	567
117	567
164	567
565	567
36	568
44	568
51	568
164	568
564	568
3	569
36	569
44	569
51	569
60	569
106	569
164	569
506	569
7	570
8	570
51	570
63	570
142	570
164	570
36	571
40	571
44	571
51	571
164	571
3	572
7	572
8	572
51	572
164	572
571	572
36	573
51	573
164	573
506	573
569	573
3	574
36	574
51	574
59	574
142	574
164	574
3	575
7	575
8	575
27	575
36	575
44	575
51	575
121	575
144	575
164	575
3	576
36	576
44	576
67	576
74	576
117	576
142	576
144	576
164	576
274	576
566	576
36	577
51	577
164	577
559	577
3	578
33	578
98	578
142	578
164	578
3	579
7	579
8	579
51	579
164	579
194	579
3	580
23	580
36	580
50	580
51	580
56	580
70	580
76	580
98	580
164	580
244	580
3	581
29	581
174	581
497	581
3	582
67	582
74	582
174	582
497	582
581	582
3	583
21	583
51	583
3	584
21	584
36	584
51	584
564	584
583	584
36	585
583	585
3	586
17	586
21	586
51	586
76	586
114	586
352	586
583	586
584	586
18	587
31	587
74	587
187	587
18	588
31	588
74	588
187	588
587	588
18	589
66	589
74	589
187	589
18	590
66	590
74	590
187	590
589	590
28	591
36	591
200	591
201	591
203	591
525	591
3	592
36	592
44	592
67	592
74	592
455	592
3	593
36	593
44	593
57	593
407	593
512	593
3	594
11	594
36	594
46	594
114	594
117	594
144	594
3	595
27	595
36	595
61	595
114	595
117	595
142	595
144	595
479	595
594	595
3	596
7	596
8	596
70	596
244	596
322	596
3	597
7	597
8	597
36	597
319	597
596	597
3	598
36	598
180	598
422	598
438	598
3	599
36	599
110	599
422	599
504	599
3	600
36	600
41	600
44	600
67	600
74	600
3	601
7	601
8	601
36	601
142	601
281	601
282	601
561	601
18	602
63	602
74	602
187	602
3	603
7	603
8	603
18	603
23	603
31	603
36	603
44	603
60	603
63	603
67	603
74	603
98	603
106	603
142	603
187	603
194	603
391	603
500	603
18	604
63	604
74	604
187	604
602	604
36	605
44	605
63	605
3	606
18	606
23	606
31	606
36	606
63	606
74	606
142	606
187	606
382	606
391	606
603	606
3	607
38	607
44	607
55	607
114	607
166	607
187	607
3	608
7	608
8	608
18	608
36	608
38	608
44	608
55	608
57	608
60	608
67	608
74	608
84	608
88	608
106	608
166	608
169	608
177	608
374	608
607	608
3	609
7	609
8	609
36	609
91	609
142	609
144	609
267	609
3	610
36	610
142	610
144	610
192	610
267	610
609	610
3	611
36	611
44	611
67	611
74	611
110	611
174	611
250	611
344	611
3	612
36	612
67	612
74	612
98	612
99	612
203	612
231	612
506	612
3	613
67	613
74	613
98	613
99	613
612	613
3	614
36	614
67	614
74	614
98	614
99	614
231	614
612	614
21	615
36	615
44	615
51	615
57	615
98	615
99	615
340	615
506	615
612	615
3	616
18	616
36	616
44	616
50	616
67	616
74	616
259	616
268	616
407	616
3	617
18	617
36	617
47	617
57	617
67	617
72	617
74	617
268	617
468	617
471	617
616	617
18	618
36	618
70	618
74	618
187	618
33	619
36	619
98	619
578	619
618	619
18	620
70	620
74	620
187	620
618	620
3	621
36	621
44	621
60	621
106	621
316	621
506	621
569	621
3	622
36	622
67	622
74	622
201	622
203	622
204	622
206	622
525	622
591	622
614	622
3	623
36	623
44	623
66	623
67	623
74	623
104	623
142	623
492	623
522	623
525	623
3	624
36	624
60	624
106	624
412	624
544	624
3	625
36	625
44	625
67	625
74	625
110	625
174	625
438	625
499	625
3	626
36	626
44	626
67	626
74	626
285	626
350	626
484	626
3	627
36	627
44	627
67	627
74	627
626	627
36	628
44	628
285	628
350	628
484	628
626	628
3	629
36	629
44	629
67	629
74	629
285	629
350	629
484	629
485	629
626	629
3	630
60	630
106	630
3	631
60	631
106	631
630	631
3	632
18	632
36	632
44	632
70	632
72	632
203	632
244	632
282	632
507	632
3	633
7	633
8	633
60	633
106	633
513	633
3	634
7	634
8	634
36	634
60	634
67	634
74	634
106	634
168	634
513	634
633	634
36	635
3	636
67	636
74	636
635	636
3	637
7	637
8	637
36	637
44	637
121	637
144	637
575	637
635	637
3	638
18	638
36	638
44	638
74	638
166	638
187	638
3	639
36	639
38	639
44	639
74	639
187	639
638	639
3	640
67	640
74	640
395	640
470	640
3	641
36	641
44	641
67	641
74	641
470	641
640	641
3	642
36	642
44	642
67	642
74	642
393	642
470	642
3	643
44	643
55	643
60	643
67	643
74	643
106	643
3	644
36	644
44	644
60	644
98	644
106	644
643	644
3	645
67	645
74	645
174	645
497	645
3	646
67	646
74	646
645	646
3	647
174	647
449	647
497	647
645	647
3	648
36	648
180	648
344	648
456	648
3	649
36	649
182	649
249	649
456	649
3	650
36	650
110	650
455	650
456	650
3	651
67	651
74	651
98	651
99	651
613	651
74	652
90	652
3	653
18	653
67	653
70	653
74	653
90	653
652	653
3	654
36	654
66	654
67	654
74	654
3	655
66	655
142	655
3	656
36	656
44	656
60	656
66	656
67	656
74	656
98	656
99	656
106	656
269	656
281	656
285	656
340	656
349	656
350	656
654	656
18	657
21	657
74	657
187	657
18	658
21	658
74	658
187	658
657	658
3	659
7	659
8	659
36	659
308	659
3	660
67	660
542	660
3	661
67	661
74	661
660	661
3	662
4	662
67	662
542	662
646	662
660	662
661	662
3	663
18	663
51	663
60	663
74	663
106	663
187	663
3	664
60	664
106	664
663	664
3	665
18	665
51	665
60	665
74	665
106	665
187	665
663	665
664	665
36	666
90	666
382	666
479	666
36	667
44	667
67	667
70	667
74	667
44	668
67	668
70	668
74	668
667	668
667	669
667	670
669	670
3	671
36	671
44	671
67	671
70	671
74	671
667	671
3	672
36	672
44	672
67	672
70	672
74	672
667	672
669	672
670	672
671	672
36	673
44	673
67	673
70	673
74	673
667	673
671	673
672	673
18	674
40	674
74	674
186	674
187	674
3	675
36	675
44	675
45	675
67	675
74	675
3	676
60	676
67	676
70	676
74	676
106	676
368	676
644	676
675	676
3	677
36	677
60	677
106	677
580	677
3	678
36	678
50	678
60	678
76	678
106	678
580	678
3	679
36	679
70	679
242	679
244	679
580	679
3	680
4	680
67	680
269	680
281	680
662	680
3	681
269	681
281	681
680	681
3	682
7	682
8	682
36	682
41	682
44	682
67	682
74	682
142	682
144	682
194	682
267	682
603	682
3	683
7	683
8	683
144	683
3	684
7	684
8	684
144	684
430	684
683	684
3	685
36	685
355	685
365	685
389	685
3	686
7	686
8	686
36	686
448	686
507	686
36	687
98	687
513	687
3	688
7	688
8	688
70	688
244	688
320	688
3	689
36	689
44	689
67	689
74	689
144	689
274	689
314	689
328	689
434	689
3	690
36	690
44	690
67	690
74	690
144	690
274	690
314	690
328	690
487	690
3	691
7	691
8	691
36	691
144	691
430	691
3	692
7	692
8	692
26	692
36	692
44	692
61	692
67	692
74	692
81	692
144	692
528	692
3	693
7	693
8	693
36	693
144	693
274	693
314	693
328	693
3	694
36	694
57	694
142	694
144	694
219	694
267	694
488	694
3	695
27	695
36	695
61	695
142	695
144	695
479	695
595	695
3	696
7	696
8	696
36	696
144	696
239	696
3	697
36	697
57	697
60	697
106	697
144	697
267	697
3	698
36	698
44	698
65	698
67	698
74	698
144	698
3	699
36	699
44	699
67	699
74	699
144	699
274	699
314	699
328	699
693	699
3	700
7	700
8	700
36	700
60	700
106	700
140	700
144	700
3	701
7	701
8	701
36	701
57	701
144	701
267	701
36	702
57	702
144	702
267	702
701	702
36	703
57	703
144	703
267	703
3	704
36	704
117	704
144	704
239	704
431	704
36	705
57	705
144	705
267	705
36	706
57	706
144	706
267	706
705	706
3	707
31	707
36	707
57	707
58	707
60	707
98	707
106	707
144	707
274	707
506	707
3	708
23	708
28	708
36	708
41	708
44	708
57	708
67	708
74	708
98	708
144	708
267	708
36	709
57	709
144	709
267	709
703	709
3	710
36	710
44	710
51	710
57	710
67	710
74	710
144	710
255	710
267	710
697	710
3	711
7	711
8	711
26	711
36	711
44	711
67	711
74	711
142	711
144	711
3	712
18	712
74	712
662	712
3	713
18	713
36	713
44	713
74	713
712	713
44	714
67	714
70	714
74	714
244	714
506	714
3	715
5	715
464	715
465	715
36	716
167	716
631	716
3	717
36	717
44	717
67	717
74	717
98	717
99	717
166	717
167	717
168	717
44	718
285	718
3	719
44	719
67	719
285	719
718	719
3	720
18	720
67	720
74	720
285	720
719	720
3	721
13	721
18	721
36	721
285	721
577	721
98	722
99	722
36	723
98	723
99	723
656	723
722	723
18	724
98	724
153	724
3	725
21	725
44	725
51	725
98	725
724	725
3	726
18	726
142	726
153	726
711	726
724	726
3	727
36	727
44	727
67	727
74	727
365	727
18	728
43	728
74	728
187	728
18	729
56	729
74	729
187	729
3	730
18	730
36	730
44	730
57	730
67	730
74	730
187	730
608	730
3	731
67	731
74	731
15	732
18	732
74	732
187	732
3	733
67	733
74	733
269	733
533	733
582	733
18	734
23	734
74	734
187	734
18	735
23	735
74	735
187	735
734	735
3	736
67	736
74	736
115	736
3	737
60	737
67	737
74	737
106	737
3	738
36	738
44	738
67	738
74	738
713	738
731	738
3	739
67	739
74	739
98	739
99	739
3	740
36	740
44	740
57	740
67	740
74	740
98	740
707	740
3	741
36	741
43	741
44	741
67	741
74	741
142	741
255	741
381	741
506	741
573	741
3	742
36	742
44	742
67	742
74	742
708	742
3	743
7	743
8	743
36	743
44	743
60	743
67	743
74	743
106	743
3	744
36	744
67	744
74	744
142	744
3	745
67	745
74	745
3	746
67	746
74	746
646	746
661	746
662	746
3	747
18	747
36	747
48	747
74	747
173	747
182	747
187	747
536	747
3	748
8	748
18	748
57	748
74	748
187	748
15	749
18	749
74	749
187	749
732	749
3	750
18	750
44	750
55	750
74	750
187	750
381	750
741	750
3	751
67	751
74	751
142	751
377	751
744	751
3	752
67	752
74	752
93	752
340	752
442	752
745	752
3	753
18	753
36	753
74	753
187	753
3	754
36	754
44	754
67	754
74	754
18	755
43	755
74	755
187	755
728	755
3	756
67	756
74	756
174	756
498	756
3	757
36	757
44	757
67	757
74	757
3	758
67	758
74	758
98	758
3	759
18	759
33	759
36	759
44	759
67	759
74	759
123	759
391	759
3	760
67	760
74	760
736	760
3	761
36	761
44	761
67	761
74	761
110	761
174	761
211	761
215	761
3	762
44	762
60	762
67	762
74	762
106	762
569	762
3	763
67	763
74	763
751	763
752	763
18	764
70	764
74	764
187	764
3	765
7	765
8	765
36	765
60	765
67	765
74	765
106	765
332	765
333	765
350	765
3	766
36	766
67	766
74	766
99	766
634	766
3	767
44	767
51	767
60	767
67	767
74	767
106	767
621	767
18	768
56	768
74	768
187	768
729	768
3	769
51	769
67	769
70	769
74	769
244	769
762	769
3	770
36	770
44	770
67	770
74	770
3	771
13	771
18	771
36	771
44	771
50	771
67	771
74	771
259	771
406	771
449	771
616	771
3	772
18	772
55	772
74	772
142	772
187	772
3	773
18	773
36	773
44	773
54	773
67	773
74	773
279	773
336	773
3	774
36	774
44	774
67	774
74	774
98	774
99	774
340	774
350	774
656	774
723	774
739	774
18	775
19	775
74	775
187	775
3	776
36	776
44	776
67	776
74	776
283	776
350	776
18	777
40	777
74	777
187	777
3	778
18	778
43	778
55	778
74	778
114	778
187	778
750	778
3	779
36	779
44	779
67	779
70	779
74	779
668	779
672	779
18	780
40	780
74	780
187	780
777	780
3	781
67	781
74	781
654	781
18	782
19	782
74	782
187	782
775	782
18	783
34	783
74	783
187	783
3	784
36	784
44	784
67	784
74	784
3	785
18	785
36	785
70	785
74	785
187	785
244	785
287	785
506	785
3	786
7	786
8	786
18	786
36	786
70	786
74	786
187	786
701	786
764	786
3	787
18	787
36	787
44	787
57	787
67	787
74	787
142	787
374	787
748	787
3	788
36	788
44	788
67	788
74	788
745	788
3	789
36	789
67	789
74	789
98	789
3	790
36	790
44	790
67	790
74	790
759	790
3	791
36	791
44	791
67	791
74	791
3	792
18	792
74	792
142	792
502	792
653	792
18	793
27	793
74	793
187	793
3	794
36	794
60	794
67	794
74	794
106	794
142	794
442	794
765	794
789	794
18	795
34	795
74	795
187	795
783	795
3	796
20	796
44	796
67	796
74	796
102	796
282	796
522	796
3	797
36	797
67	797
74	797
758	797
18	798
59	798
74	798
187	798
3	799
7	799
8	799
44	799
67	799
74	799
3	800
7	800
8	800
67	800
74	800
744	800
3	801
7	801
8	801
67	801
74	801
572	801
634	801
766	801
799	801
3	802
36	802
67	802
74	802
3	803
36	803
44	803
67	803
74	803
339	803
3	804
44	804
67	804
74	804
99	804
737	804
3	805
36	805
44	805
67	805
74	805
682	805
3	806
18	806
74	806
187	806
326	806
416	806
3	807
36	807
67	807
74	807
90	807
636	807
3	808
8	808
18	808
36	808
57	808
74	808
93	808
187	808
787	808
3	809
36	809
44	809
67	809
74	809
110	809
3	810
18	810
40	810
74	810
187	810
326	810
806	810
3	811
67	811
74	811
763	811
791	811
3	812
36	812
44	812
67	812
74	812
110	812
809	812
3	813
18	813
36	813
74	813
180	813
187	813
473	813
545	813
3	814
18	814
36	814
74	814
173	814
180	814
187	814
536	814
18	815
59	815
74	815
187	815
798	815
3	816
18	816
36	816
49	816
74	816
182	816
187	816
473	816
545	816
3	817
36	817
44	817
67	817
74	817
110	817
174	817
389	817
501	817
3	818
36	818
44	818
67	818
74	818
110	818
3	819
36	819
40	819
44	819
67	819
74	819
110	819
3	820
18	820
36	820
74	820
374	820
3	821
17	821
18	821
27	821
74	821
76	821
187	821
793	821
3	822
36	822
44	822
67	822
74	822
115	822
340	822
739	822
3	823
36	823
44	823
67	823
74	823
418	823
463	823
542	823
3	824
36	824
44	824
67	824
74	824
504	824
3	825
18	825
36	825
70	825
74	825
187	825
315	825
419	825
3	826
36	826
44	826
48	826
67	826
74	826
495	826
542	826
3	827
36	827
44	827
67	827
74	827
496	827
3	828
18	828
36	828
44	828
57	828
67	828
74	828
374	828
787	828
3	829
67	829
74	829
603	829
3	830
18	830
67	830
74	830
187	830
503	830
519	830
772	830
3	831
36	831
67	831
74	831
789	831
3	832
18	832
60	832
74	832
106	832
187	832
678	832
772	832
830	832
3	833
36	833
44	833
67	833
74	833
3	834
17	834
76	834
821	834
20	835
36	835
511	835
3	836
7	836
8	836
36	836
51	836
117	836
162	836
36	837
98	837
117	837
36	838
117	838
558	838
623	838
3	839
31	839
70	839
117	839
129	839
368	839
676	839
36	840
117	840
146	840
3	841
7	841
8	841
36	841
244	841
322	841
506	841
693	841
3	842
7	842
8	842
19	842
36	842
44	842
568	842
98	843
99	843
484	843
70	844
244	844
484	844
49	845
473	845
813	845
816	845
49	846
473	846
813	846
816	846
845	846
3	847
5	847
447	847
3	848
5	848
447	848
847	848
3	849
4	849
5	849
447	849
847	849
3	850
7	850
8	850
36	850
60	850
106	850
216	850
509	850
3	851
36	851
142	851
18	852
374	852
851	852
3	853
14	853
36	853
40	853
142	853
851	853
3	854
36	854
261	854
282	854
3	855
7	855
8	855
60	855
106	855
3	856
7	856
8	856
60	856
106	856
855	856
3	857
7	857
8	857
60	857
106	857
855	857
3	858
36	858
60	858
106	858
547	858
3	859
7	859
8	859
36	859
60	859
106	859
399	859
858	859
3	860
7	860
8	860
3	861
36	861
44	861
860	861
3	862
7	862
8	862
36	862
831	862
860	862
36	863
98	863
99	863
168	863
634	863
3	864
61	864
142	864
223	864
255	864
3	865
36	865
90	865
223	865
255	865
807	865
864	865
3	866
7	866
8	866
487	866
3	867
7	867
8	867
36	867
579	867
3	868
7	868
8	868
36	868
302	868
3	869
7	869
8	869
36	869
60	869
106	869
444	869
532	869
3	870
36	870
60	870
106	870
540	870
869	870
3	871
7	871
8	871
3	872
7	872
8	872
36	872
115	872
145	872
156	872
736	872
871	872
93	873
340	873
731	873
752	873
3	874
18	874
36	874
38	874
57	874
121	874
17	875
36	875
76	875
586	875
608	875
3	876
7	876
8	876
36	876
60	876
106	876
539	876
68	877
3	878
18	878
21	878
51	878
70	878
98	878
244	878
374	878
725	878
852	878
3	879
14	879
36	879
40	879
57	879
98	879
853	879
3	880
7	880
8	880
14	880
36	880
40	880
44	880
93	880
98	880
115	880
142	880
170	880
340	880
409	880
487	880
603	880
752	880
758	880
789	880
799	880
822	880
853	880
873	880
879	880
3	881
36	881
44	881
60	881
106	881
357	881
3	882
36	882
57	882
60	882
106	882
874	882
881	882
3	883
7	883
8	883
36	883
60	883
106	883
400	883
550	883
3	884
7	884
8	884
36	884
315	884
688	884
3	885
7	885
8	885
3	886
7	886
8	886
219	886
885	886
3	887
7	887
8	887
36	887
60	887
106	887
364	887
3	888
7	888
8	888
800	888
3	889
7	889
8	889
36	889
98	889
416	889
3	890
7	890
8	890
36	890
60	890
106	890
445	890
551	890
3	891
7	891
8	891
3	892
7	892
8	892
60	892
106	892
219	892
885	892
3	893
7	893
8	893
98	893
99	893
340	893
3	894
7	894
8	894
36	894
44	894
99	894
340	894
752	894
867	894
873	894
880	894
3	895
7	895
8	895
98	895
142	895
3	896
7	896
8	896
36	896
831	896
3	897
7	897
8	897
355	897
7	898
8	898
36	898
174	898
379	898
756	898
3	899
7	899
8	899
60	899
106	899
765	899
3	900
7	900
8	900
70	900
244	900
506	900
659	900
3	901
7	901
8	901
36	901
60	901
106	901
549	901
3	902
7	902
8	902
36	902
142	902
570	902
574	902
725	902
3	903
7	903
8	903
36	903
700	903
3	904
7	904
8	904
36	904
321	904
466	904
3	905
7	905
8	905
60	905
106	905
765	905
856	905
857	905
3	906
7	906
8	906
36	906
60	906
106	906
478	906
3	907
7	907
8	907
36	907
60	907
106	907
743	907
3	908
7	908
8	908
98	908
99	908
115	908
340	908
355	908
880	908
3	909
7	909
8	909
70	909
244	909
313	909
868	909
3	910
7	910
8	910
891	910
896	910
36	911
44	911
45	911
3	912
36	912
664	912
3	913
36	913
57	913
912	913
3	914
36	914
269	914
282	914
533	914
733	914
3	915
36	915
60	915
106	915
656	915
794	915
3	916
36	916
60	916
106	916
537	916
901	916
3	917
36	917
60	917
98	917
106	917
644	917
3	918
60	918
106	918
449	918
647	918
3	919
60	919
98	919
106	919
142	919
373	919
3	920
36	920
60	920
106	920
457	920
534	920
3	921
60	921
106	921
577	921
918	921
3	922
36	922
60	922
106	922
369	922
3	923
17	923
36	923
50	923
60	923
106	923
3	924
57	924
60	924
98	924
106	924
3	925
60	925
98	925
106	925
142	925
677	925
3	926
36	926
60	926
106	926
425	926
919	926
3	927
36	927
60	927
70	927
106	927
368	927
563	927
917	927
3	928
36	928
51	928
60	928
106	928
565	928
697	928
3	929
36	929
60	929
106	929
737	929
3	930
40	930
60	930
106	930
924	930
3	931
36	931
60	931
106	931
411	931
876	931
3	932
36	932
60	932
106	932
553	932
887	932
3	933
269	933
281	933
449	933
647	933
918	933
98	934
99	934
863	934
3	935
36	935
44	935
3	936
18	936
36	936
44	936
54	936
57	936
337	936
935	936
36	937
656	937
36	938
656	938
937	938
33	939
36	939
98	939
578	939
619	939
725	939
889	939
3	940
36	940
344	940
355	940
455	940
3	941
18	941
36	941
44	941
115	941
133	941
142	941
374	941
787	941
36	942
427	942
515	942
61	943
81	943
942	943
3	944
36	944
173	944
180	944
536	944
3	945
36	945
44	945
394	945
787	945
828	945
3	946
787	946
828	946
945	946
61	947
81	947
943	947
3	948
31	948
40	948
70	948
244	948
506	948
707	948
3	949
36	949
44	949
291	949
173	950
180	950
182	950
747	950
814	950
3	951
36	951
110	951
496	951
545	951
20	952
36	952
77	952
510	952
835	952
3	953
18	953
36	953
585	953
820	953
3	954
70	954
223	954
244	954
28	955
36	955
3	956
5	956
28	956
77	956
955	956
28	957
36	957
205	957
955	957
3	958
61	958
81	958
173	958
3	959
36	959
173	959
355	959
495	959
3	960
36	960
180	960
473	960
545	960
180	961
182	961
473	961
813	961
816	961
3	962
36	962
355	962
473	962
496	962
3	963
70	963
244	963
615	963
632	963
3	964
40	964
48	964
142	964
172	964
174	964
3	965
40	965
142	965
174	965
388	965
501	965
3	966
40	966
142	966
174	966
421	966
499	966
3	967
36	967
180	967
208	967
211	967
3	968
36	968
110	968
419	968
463	968
3	969
36	969
80	969
355	969
463	969
3	970
36	970
355	970
438	970
504	970
3	971
36	971
166	971
3	972
36	972
687	972
98	973
99	973
893	973
3	974
36	974
542	974
545	974
3	975
36	975
98	975
99	975
744	975
3	976
21	976
51	976
98	976
257	976
725	976
3	977
269	977
281	977
933	977
3	978
5	978
77	978
269	978
507	978
956	978
3	979
269	979
281	979
681	979
977	979
3	980
102	980
269	980
282	980
507	980
796	980
978	980
3	981
8	981
36	981
57	981
93	981
808	981
828	981
3	982
36	982
57	982
98	982
3	983
36	983
57	983
110	983
182	983
487	983
36	984
57	984
913	984
3	985
57	985
142	985
362	985
70	986
244	986
350	986
776	987
98	988
99	988
614	988
3	989
23	989
61	989
70	989
142	989
476	989
61	990
476	990
989	990
36	991
44	991
99	991
894	991
36	992
44	992
929	992
991	992
3	993
781	993
3	994
10	994
36	994
61	994
81	994
142	994
695	994
984	994
98	995
99	995
975	995
3	996
98	996
651	996
36	997
98	997
431	997
487	997
98	998
99	998
615	998
3	999
48	999
61	999
81	999
3	1000
61	1000
81	1000
418	1000
3	1001
36	1001
44	1001
282	1001
601	1001
861	1001
3	1002
8	1002
36	1002
93	1002
187	1002
981	1002
180	1003
182	1003
383	1003
385	1003
389	1003
368	1004
371	1004
3	1005
36	1005
44	1005
87	1005
3	1006
36	1006
797	1006
3	1007
36	1007
350	1007
776	1007
3	1008
36	1008
67	1008
36	1009
370	1009
837	1009
3	1010
36	1010
44	1010
92	1010
3	1011
36	1011
36	1012
44	1012
109	1012
3	1013
4	1013
36	1013
545	1013
3	1014
36	1014
687	1014
36	1015
44	1015
3	1016
36	1016
49	1016
182	1016
545	1016
3	1017
36	1017
44	1017
94	1017
1011	1017
3	1018
36	1018
949	1018
3	1019
36	1019
350	1019
776	1019
3	1020
36	1020
1010	1020
3	1021
36	1021
1005	1021
36	1022
44	1022
36	1023
130	1023
382	1023
3	1024
36	1024
48	1024
182	1024
536	1024
3	1025
36	1025
44	1025
67	1025
187	1025
730	1025
36	1026
44	1026
108	1026
3	1027
36	1027
44	1027
110	1027
519	1027
818	1027
1015	1027
1022	1027
3	1028
36	1028
110	1028
495	1028
536	1028
3	1029
36	1029
44	1029
55	1029
141	1029
381	1029
3	1030
23	1030
3	1031
23	1031
1030	1031
3	1032
23	1032
70	1032
142	1032
989	1032
70	1033
244	1033
878	1033
3	1034
4	1034
5	1034
849	1034
3	1035
3	1036
244	1036
506	1036
900	1036
3	1037
760	1037
3	1038
18	1038
70	1038
116	1038
142	1038
153	1038
620	1038
3	1039
910	1039
3	1040
70	1040
223	1040
244	1040
48	1041
418	1041
542	1041
823	1041
826	1041
44	1042
99	1042
725	1042
804	1042
